83630	12	2
35722	12	2
100882	12	2
45046	12	2
45047	12	2
45089	12	2
45090	12	2
45087	12	2
36012	12	1
40415	12	1
47132	12	1
50025	12	1
50026	12	1
38764	12	1
36069	13	1
38731	13	1
38732	13	1
38730	13	1
36410	13	1
35754	13	1
35751	13	1
35747	13	1
36406	13	1
42697	13	1
42698	13	1
42695	13	1
92013	13	1
92014	13	1
90485	13	1
43336	13	1
37378	13	1
67611	13	1
67612	13	1
112284	13	1
112283	13	1
114129	13	1
38742	13	1
114123	13	1
114124	13	1
39477	13	1
38845	13	1
74741	13	1
36564	21	1
36563	21	1
108554	21	1
108553	21	1
68835	21	1
60264	21	1
68832	21	1
46522	21	1
46523	21	1
46521	21	1
37689	21	1
48085	21	1
48086	21	1
94181	21	1
92008	21	1
94185	21	1
46092	21	1
35753	21	1
46080	21	1
46081	21	1
47132	21	1
50025	21	1
50026	21	1
38764	21	1
92009	21	1
37762	37	1
37251	37	1
37769	37	1
37768	37	1
39335	37	1
111786	37	1
36404	37	1
35747	37	1
35752	37	1
36409	37	1
49630	37	1
49631	37	1
35645	37	1
35642	37	1
45101	37	1
42382	37	1
42379	37	1
67556	24	1
110495	24	1
110496	24	1
36561	24	1
39459	24	1
38765	24	1
38766	24	1
74529	24	1
100880	24	1
100882	24	1
45046	24	1
45047	24	1
108786	24	1
108784	24	1
41487	24	1
43093	24	1
43094	24	1
48438	24	1
48439	24	1
36564	24	1
36563	24	1
74220	24	1
74219	24	1
45520	24	1
45521	24	1
68835	24	1
60264	24	1
68832	24	1
46522	24	1
46523	24	1
46527	24	1
46078	26	2
46079	26	2
37335	26	2
46085	26	2
46086	26	2
41486	26	2
45009	26	2
68783	26	2
35717	26	2
67575	26	2
67576	26	2
67662	26	2
67663	26	1
67664	26	1
67665	26	1
38899	26	1
40391	26	1
38780	26	1
38070	26	1
46419	26	1
46420	26	1
38397	26	1
84249	26	1
75037	26	1
39096	26	1
39092	26	1
37802	44	1
100865	44	1
105945	44	1
105946	44	1
105949	44	1
106796	44	1
105942	44	1
108007	44	1
108006	44	1
108003	44	1
105958	44	1
105957	44	1
105954	44	1
37756	44	1
37765	44	1
41563	44	1
41564	44	1
46745	44	1
46746	44	1
46744	44	1
68041	44	1
68040	44	1
68039	44	1
35986	44	1
44854	44	1
44855	44	1
38980	44	1
37955	33	1
41504	33	1
68050	33	1
68051	33	1
59983	33	1
59984	33	1
59985	33	1
68053	33	1
68052	33	1
36010	33	1
37348	33	1
37349	33	1
46605	33	1
46602	33	1
46603	33	1
68111	33	1
68112	33	1
37347	33	1
68109	33	1
69572	33	1
69573	33	1
46608	33	2
37354	33	2
37351	33	2
37352	33	2
46274	33	2
50523	33	2
37361	33	1
41541	33	1
41542	33	1
41543	33	1
35630	33	1
74723	33	1
74726	33	1
74728	33	1
74729	33	1
41523	33	1
37365	33	1
41507	33	1
41508	33	1
37261	41	1
37262	41	1
103545	41	1
103546	41	1
38910	41	1
37245	41	1
38914	41	1
83514	41	1
97947	41	1
97946	41	1
83508	41	1
110760	41	1
97244	41	1
83506	41	1
94901	41	1
82894	41	1
83499	41	1
83498	41	1
112873	41	1
112871	41	1
45001	34	1
35709	34	2
39419	34	2
41582	34	2
37556	34	1
41570	34	1
41571	34	1
41548	34	1
84249	34	1
75037	34	1
39096	34	1
39092	34	1
39095	34	1
39093	34	1
44823	35	1
37964	35	1
36930	35	1
46417	35	1
46418	35	1
37555	35	1
67630	35	1
67631	35	1
46078	22	1
46079	22	1
37335	22	1
46085	22	1
46086	22	1
41486	22	1
45009	22	1
60226	22	1
60227	22	1
68777	22	1
68779	22	1
68780	22	1
68781	22	1
40378	22	1
40380	22	1
40457	22	1
45003	22	1
40453	22	1
40454	22	1
40449	22	1
40393	22	1
38781	22	1
90213	22	1
90214	22	1
84071	22	1
84072	22	1
35852	27	1
36225	27	1
36226	27	1
37277	27	1
36228	27	1
37279	27	1
37280	27	1
36323	27	1
36324	27	1
38328	27	1
38329	27	1
110744	27	1
43013	27	1
37193	27	1
96925	33	1
104452	33	1
104453	33	1
101017	33	1
101018	33	1
95723	33	1
43336	33	1
37378	33	1
43335	33	1
37379	33	1
38733	33	1
43338	33	1
41574	33	1
35712	33	1
40381	33	1
40382	33	1
100877	33	1
100878	33	1
67575	33	1
67576	33	1
67574	33	1
100876	33	1
36724	17	1
36085	17	1
38065	17	1
90096	17	1
39424	17	1
35731	17	1
39903	17	1
116346	17	1
116350	17	1
116349	17	1
42729	17	1
36917	20	1
36916	20	1
68379	20	1
68380	20	1
83675	20	1
83676	20	1
84917	20	1
75302	20	1
37400	20	1
37404	20	1
38001	20	1
41827	20	1
41824	20	1
68342	20	1
68343	20	1
115243	20	1
38057	20	1
35755	20	1
104967	20	1
104968	20	1
107757	20	1
43321	20	1
90078	20	1
107732	20	1
107733	20	1
36982	20	1
90076	20	1
90077	20	1
49186	20	1
49189	20	1
83628	20	1
83629	20	1
83630	20	1
35722	20	1
100882	20	1
45046	20	1
45047	20	1
45089	20	1
45090	20	1
45087	20	1
36012	20	1
40415	20	1
47132	20	1
50025	20	1
50028	20	1
50029	20	1
45018	20	1
45000	20	1
45002	20	1
38735	20	1
38740	20	1
42860	20	1
42859	20	1
95721	20	1
101019	20	1
101021	20	1
104451	20	1
95713	20	1
95714	20	1
38773	20	1
95099	20	1
95102	20	1
96070	20	1
96916	20	1
96917	20	1
96918	20	1
96919	20	1
41539	20	1
67655	41	1
45936	41	1
43335	41	1
37379	41	1
38733	41	1
43338	41	1
41574	41	1
39419	41	1
41582	41	1
37556	41	1
41570	41	1
41571	41	1
41548	41	1
84249	41	1
75037	41	1
39096	41	1
39092	41	1
39095	41	1
39093	41	1
44823	41	1
37964	41	1
37720	41	1
38774	41	1
74689	41	1
74690	41	1
40376	41	1
40373	41	1
40374	41	1
36859	42	1
38964	42	1
92176	42	1
92177	42	1
41425	42	1
49176	42	1
117227	42	1
117228	42	1
74769	42	1
74770	42	1
107614	42	1
107616	42	1
74766	42	1
74767	42	1
49173	42	1
49174	42	1
92174	42	1
92175	42	1
49033	42	1
49035	42	1
49036	42	1
38177	43	1
37678	43	1
38416	43	1
38417	43	1
111809	43	1
111808	43	1
112525	43	1
37470	43	1
46318	43	1
103686	43	1
103687	43	1
82256	43	1
82257	43	1
83992	43	1
34982	45	1
43419	45	1
34054	45	1
71943	45	1
35292	45	1
77188	45	1
77189	45	1
46210	45	1
35291	45	1
34049	45	1
34046	45	1
33133	45	1
33503	45	1
42386	24	1
44996	24	1
40469	24	1
40465	24	1
40466	24	1
44968	24	1
44967	24	1
44966	24	1
35895	24	1
68364	24	1
68363	24	1
41442	24	1
46525	24	1
97217	24	1
97218	24	1
46529	24	1
103544	30	1
111811	30	1
36948	30	1
36734	30	1
38411	30	1
38813	30	1
38840	30	1
112824	30	1
81660	30	1
81661	30	1
40472	30	1
40470	30	1
38644	30	1
40471	30	1
44864	30	1
38976	30	1
36946	30	1
36944	30	1
114923	30	1
112877	37	1
114242	37	1
114241	37	1
114923	37	1
114924	37	1
67670	37	1
112874	37	1
112875	37	1
38563	37	1
38562	37	1
36281	37	1
37244	37	1
35764	37	1
40499	37	1
40500	37	1
52012	37	1
92265	37	1
92266	37	1
85144	37	1
52011	37	1
52010	37	1
85143	37	1
85142	37	1
37286	37	1
37285	37	1
36320	37	1
36321	37	1
95610	38	1
37266	38	1
95616	38	1
95617	38	1
80149	38	1
38037	38	1
37288	38	1
35708	38	1
36457	38	1
36458	38	1
100859	38	1
42630	38	1
76673	38	1
76672	38	1
110799	42	1
46615	42	1
110812	42	1
110813	42	1
37589	42	1
37373	42	1
37371	42	1
67222	42	1
67223	42	1
67232	42	1
43985	42	1
43984	42	1
38069	42	1
37012	42	1
37013	42	1
38717	42	1
36225	42	1
36226	42	1
37277	42	1
36228	42	1
37279	42	1
38731	21	1
38732	21	1
38730	21	1
36410	22	1
36409	22	1
49630	22	1
49631	22	1
35645	22	1
35642	22	1
35644	22	2
36399	22	1
36400	22	1
35751	22	1
36403	22	1
41551	22	1
41552	22	1
35640	22	1
41556	22	1
41805	22	1
41806	22	1
37318	22	1
37319	22	1
36397	22	1
42304	22	1
42305	22	1
67654	22	1
67655	22	1
45936	22	1
67611	22	1
67612	22	1
112284	22	1
112283	22	1
110793	33	1
46604	33	1
36002	33	2
36334	33	2
36335	33	2
35762	33	2
35741	33	2
36327	33	2
36328	33	2
37977	33	2
36350	33	2
35742	33	1
36344	33	1
74517	33	1
74518	33	1
39210	33	1
90300	33	1
90301	33	1
39464	33	1
37001	33	1
39463	33	1
95097	22	1
96070	22	2
96916	22	2
96917	22	2
96918	22	2
96919	22	2
37334	22	1
38729	23	1
96920	23	1
96921	23	1
96924	23	1
104452	23	1
104453	23	1
101017	23	1
101018	23	1
95723	23	1
43336	23	1
37378	23	1
38229	30	1
40010	30	1
40012	30	1
40013	30	1
40036	30	1
40037	30	1
40035	30	1
93776	30	1
112458	30	1
104158	30	1
91035	30	1
91033	30	1
51830	30	1
51831	30	1
51833	30	1
44008	30	1
44009	30	1
40024	30	1
91040	30	1
91039	30	1
94117	30	1
51858	30	1
40070	30	1
73565	30	1
73566	30	1
67551	36	1
35644	36	1
36399	36	1
36400	36	1
35751	36	1
35747	36	1
36406	36	1
42697	36	1
42698	36	1
42695	36	1
36068	36	1
90070	36	1
90071	36	1
68790	36	1
45013	36	1
45014	36	1
50029	36	1
45018	36	1
45000	36	1
45001	36	1
35709	36	1
39419	36	1
41582	36	1
37556	36	1
41570	36	1
41571	36	1
41548	36	1
84249	36	1
67700	42	1
95153	42	1
95154	42	1
35626	42	1
37270	42	1
95165	42	1
42478	42	1
37906	42	1
41586	42	1
41587	42	1
37909	42	1
35851	42	1
67305	42	1
67306	42	1
67302	42	1
67303	42	1
37516	42	1
67226	42	1
39382	14	1
39384	14	1
40430	14	1
40431	14	1
41818	14	1
75095	14	1
83797	14	1
83792	14	1
83793	14	1
36054	14	1
36358	14	1
36359	14	1
37234	14	1
36353	14	1
38871	14	1
38675	14	1
38866	14	1
37024	14	1
39013	14	1
39014	14	1
37712	14	1
36654	15	1
83816	15	1
117083	15	1
39398	15	1
36338	16	1
36339	16	1
35741	16	1
36327	16	1
36328	16	1
37977	16	1
36350	16	1
36349	16	1
41514	16	1
74713	16	1
74714	16	1
36004	16	1
74718	16	1
35639	16	1
47543	16	1
47544	16	1
37802	16	1
44302	17	1
109467	18	1
45347	18	1
39145	18	1
39146	18	1
39434	18	1
35539	18	1
45964	18	1
41594	18	1
101002	18	1
100983	18	1
108282	18	1
108283	18	1
92276	18	1
92277	18	1
92275	18	1
38104	18	1
36847	18	1
104066	18	1
104067	18	1
90110	18	1
116154	18	1
39161	18	1
35760	18	1
41504	18	1
68050	18	1
68051	18	1
68057	18	1
60014	18	1
59984	18	1
59985	18	1
68053	18	1
68052	18	1
36010	18	1
37348	18	1
37349	18	1
46605	18	1
46602	18	1
46604	18	1
48107	18	1
48108	18	1
110886	18	1
110887	18	1
110799	18	1
46615	18	1
110812	18	2
110813	18	2
37589	18	2
37373	18	2
37369	18	2
37588	18	2
48067	18	2
48068	18	2
35952	18	2
67308	18	2
67309	18	1
35706	18	1
95611	18	1
95612	18	1
50114	18	1
50115	18	1
37261	18	1
37262	18	1
103545	18	1
103546	18	1
38910	18	1
37245	18	1
35745	18	1
37607	18	1
110768	18	1
67552	22	1
67551	22	1
35646	22	1
49636	22	1
49637	22	1
38729	22	1
96920	22	1
96921	22	1
96924	22	1
104452	22	1
104453	22	1
101017	22	1
101018	22	1
95722	22	1
69789	36	1
94198	36	1
104563	36	1
90258	36	1
90259	36	1
48418	36	1
48419	36	1
37052	36	1
44029	36	1
36897	36	1
36898	36	1
36120	36	1
36895	36	1
40493	36	1
39389	36	1
36189	36	1
36190	36	1
46220	36	1
48332	36	1
50020	36	1
50021	36	1
40031	36	1
46731	36	1
46734	36	1
46735	36	1
38601	36	1
36365	36	1
36366	36	1
35771	36	1
37165	36	1
37166	36	1
38597	36	1
38948	36	1
35833	30	1
39441	30	1
36000	30	1
35835	30	1
35837	30	1
46582	30	1
46581	30	1
46591	30	1
46594	30	1
46595	30	1
46601	30	1
110792	30	1
110793	30	1
46604	30	1
46608	30	1
37354	30	1
37959	30	1
37958	30	1
45690	30	1
45691	30	1
36555	30	1
45685	30	1
45686	30	1
36334	30	1
36335	30	1
35762	30	1
36340	30	1
68046	30	1
68047	30	1
35972	30	1
37940	30	1
114424	31	1
114423	31	1
12684	36	1
95430	36	1
95431	36	1
455	36	1
95416	36	1
95417	36	1
12795	36	1
714	36	1
717	36	1
716	36	1
49879	36	1
49880	36	1
49883	36	1
49882	36	1
50378	36	1
50742	36	1
13022	39	1
13023	39	1
81412	39	1
81409	39	1
13332	39	1
13333	39	1
13330	39	1
96478	39	1
113619	39	1
113620	39	1
95978	39	1
96484	39	1
113624	39	1
116247	39	1
98427	39	1
96488	39	1
13051	39	1
109876	15	1
68439	15	1
38806	15	1
44069	15	1
90080	15	1
36680	15	1
38289	15	1
38290	15	1
36671	15	1
36673	15	1
36213	15	1
36214	15	1
41488	15	1
41489	15	1
115904	15	1
37397	15	1
116129	15	1
116130	15	1
74214	15	1
74215	15	1
68368	15	1
41460	15	1
36275	15	1
74217	15	1
74218	15	1
68385	15	1
83665	15	1
83670	16	1
83671	16	1
74211	16	1
50026	24	1
38764	24	1
36069	25	1
38731	25	1
38732	25	1
46755	25	1
37334	25	1
41540	25	2
46131	25	2
68816	25	2
47869	25	2
41536	25	2
47529	25	1
41539	25	1
49633	25	1
49634	25	1
35642	25	1
45101	25	1
42382	25	1
48140	25	1
48141	25	1
38108	25	1
45114	25	1
45115	25	1
74696	25	1
74697	25	1
41834	25	1
41835	25	1
37763	25	1
37250	25	1
37766	25	1
37765	25	1
41563	25	1
34523	41	1
76994	41	1
76995	41	1
97852	41	1
97853	41	1
43382	41	1
35142	41	1
61179	41	1
61180	41	1
34155	41	1
33906	41	1
34156	41	1
34241	41	1
34288	41	1
34607	41	1
34608	41	1
33910	41	1
34609	41	1
35485	41	1
45803	42	1
97112	42	1
34584	42	1
35191	42	1
34367	42	1
35194	42	1
43723	42	1
61714	42	1
61715	42	1
43728	42	1
43624	42	1
43625	42	1
43626	42	1
43628	42	1
43629	42	1
43729	42	1
61717	42	1
43724	42	1
90261	38	1
38310	38	1
51931	38	1
51932	38	1
43764	38	1
43765	38	1
40201	38	1
43769	38	1
50416	38	1
105959	38	1
105960	38	1
50338	38	1
50339	38	1
40207	38	1
40206	38	1
66251	38	1
66252	38	1
39268	38	1
39270	38	1
83783	38	1
83779	38	1
92604	38	1
92605	38	1
39237	38	1
37048	38	1
39241	38	1
42391	38	1
44885	38	1
49090	38	1
40258	38	1
35625	38	1
92622	38	1
49133	38	1
49134	38	1
49106	38	1
49107	38	1
92616	38	1
92615	38	1
36903	38	1
37051	38	1
67614	21	1
47864	21	1
41821	21	1
112893	21	1
112894	21	1
38578	21	1
90215	21	1
112281	21	1
112282	21	1
37379	21	1
38733	21	1
43338	21	1
41574	21	1
35712	21	1
40381	21	1
40382	21	1
100877	21	1
100878	21	1
67575	21	1
67576	21	1
67662	21	1
67663	21	1
35720	21	1
69476	21	1
69477	21	1
94256	21	1
35756	23	1
35759	23	1
36336	23	1
41492	23	1
46613	23	1
110797	23	1
110798	23	1
46612	23	1
36555	23	1
45685	23	1
45686	24	1
36334	24	1
36335	24	1
35762	24	1
36340	24	1
68046	24	1
68047	24	1
35972	24	1
35974	24	1
39185	30	1
39186	30	1
37124	30	1
93727	30	1
41476	30	1
41477	30	1
42647	30	1
67554	30	1
38903	30	1
96283	30	1
96286	30	1
103777	30	1
103778	30	1
43382	37	1
35142	37	1
61179	37	1
61180	37	1
34155	37	1
33906	37	1
34156	37	1
34241	37	1
34607	37	1
34608	37	1
33910	37	1
34609	37	1
35485	37	1
45803	37	1
97112	37	1
34584	37	1
35191	37	1
34367	37	1
35194	37	1
43723	37	1
61714	37	1
61715	37	1
43728	37	1
43624	37	1
50340	41	1
50343	41	1
105967	41	1
105968	41	1
105969	41	1
36391	41	1
35699	41	1
37345	41	1
36395	41	1
42999	41	1
114020	41	1
114021	41	1
40172	41	1
39245	41	1
37083	41	1
79985	41	1
82680	41	1
82681	41	1
82676	41	1
43003	41	1
36383	41	1
37301	41	1
36386	41	1
39233	41	1
106831	41	1
106832	41	1
112328	41	1
112333	41	1
112332	41	1
90891	41	1
90893	41	1
71892	41	1
112077	41	1
112078	41	1
112084	41	1
112082	41	1
103525	41	1
112090	41	1
70244	41	1
70245	41	1
35729	41	1
35728	41	1
36371	41	1
36372	41	1
35934	41	1
93325	19	1
93326	19	1
93329	19	1
37829	19	1
37828	19	1
40071	19	1
40072	19	1
36796	19	1
36795	19	1
114173	19	1
114175	19	1
105086	19	1
50533	19	1
69570	19	1
73539	19	1
108644	19	1
43070	19	1
43064	19	1
43062	19	1
94713	19	1
94714	19	1
94711	19	1
103567	19	1
103568	19	1
90285	19	1
37098	19	1
83814	19	1
83815	19	1
40163	20	1
114247	20	1
114248	20	1
37185	20	1
37190	20	1
37564	20	1
116109	20	1
116110	20	1
67293	20	1
37297	24	1
37296	24	1
44714	24	1
81534	24	1
82787	24	1
82789	25	1
82785	25	1
51880	25	1
51882	25	1
51885	25	1
112454	25	1
112453	25	1
36376	25	1
35728	25	1
35725	25	1
36373	25	1
51871	25	1
51869	25	1
51870	25	1
44491	25	1
44492	25	1
44495	25	1
39363	25	1
36570	25	1
39432	25	1
36588	25	1
36589	25	1
36572	25	1
36583	25	1
48665	25	1
48666	25	1
38475	25	1
38476	25	1
36749	25	1
36243	27	1
36244	27	1
38266	27	1
38267	27	1
38300	27	1
38299	27	1
90253	27	1
39467	27	1
90245	27	1
90246	27	1
43741	27	1
43744	27	1
39270	27	1
39271	27	1
66253	27	1
40203	27	1
40207	27	1
84552	27	1
84553	27	1
43756	27	1
85514	27	1
85515	27	1
35695	27	1
86790	27	1
84313	27	1
84314	27	1
38850	27	1
38849	27	1
39286	27	1
39289	27	1
39290	27	1
37573	27	1
51943	27	1
112829	27	1
115677	27	1
114018	27	1
113240	27	1
113225	27	1
40172	27	1
39245	27	1
37083	27	1
79985	27	1
82680	27	1
82681	27	1
82676	27	1
43003	27	1
36383	27	1
37301	27	1
36386	27	1
39233	27	1
106831	27	1
106832	27	1
51959	27	1
66856	27	1
66857	27	1
36755	27	1
39362	27	1
39363	27	1
105138	27	1
44484	27	1
44493	27	1
44494	28	1
43012	29	2
85931	29	1
110746	29	1
110747	29	1
38327	29	1
38326	29	1
37282	29	1
110896	29	1
110897	29	1
82620	29	1
82622	29	1
110717	29	1
110718	29	1
82632	29	1
52010	29	1
43917	35	1
41834	35	1
41835	35	1
37763	35	1
37250	35	1
37249	35	1
37251	35	1
37769	35	1
37768	35	1
68802	35	1
101015	35	1
101014	35	1
60221	35	1
60222	35	1
60223	35	1
80358	35	1
80120	35	1
68814	35	1
37962	35	1
37254	35	1
37252	35	1
38980	35	1
36934	35	1
113570	43	1
113534	43	1
113535	43	1
49252	43	1
7550	43	1
61088	43	1
115386	43	1
115387	43	1
5839	43	1
6037	43	1
5841	43	1
11640	43	1
14305	43	1
11497	43	1
93150	43	1
93151	43	1
69468	43	1
6475	43	1
6474	43	1
61369	43	1
14275	43	1
6176	43	1
15687	43	1
6174	43	1
115883	43	1
93740	43	1
91053	43	1
91054	43	1
6750	43	1
5799	43	1
5807	43	1
91995	43	1
14272	43	1
70525	43	1
68367	12	1
68366	12	1
68365	12	1
74214	12	1
74215	12	1
68368	12	1
41460	12	1
83651	12	1
83645	12	1
83648	12	1
83650	12	1
82867	12	1
82866	12	1
104970	12	1
104971	12	1
83640	12	1
35755	12	1
104967	12	1
104968	12	1
107757	12	1
43321	12	1
90078	12	1
107732	12	1
107733	12	1
36982	12	1
90076	12	1
90077	12	1
49186	12	1
49189	12	1
83628	12	1
83629	12	1
46078	12	1
46079	12	1
37335	12	1
35749	12	1
46090	12	1
83933	12	1
83934	12	1
94187	12	1
94184	12	1
111976	16	1
114989	16	1
114990	16	1
39465	16	1
90072	16	1
90075	16	1
92191	16	1
49213	16	1
90170	16	1
78467	16	1
78466	16	1
38970	16	1
36853	16	1
36861	17	1
36862	17	1
36855	17	1
37115	17	1
37116	17	1
37122	17	1
37123	17	1
68433	17	1
68434	17	1
68438	17	1
68439	17	1
38806	17	1
44069	17	1
90080	17	1
36680	17	1
38289	17	1
38290	17	1
36671	17	1
36673	17	1
36213	17	1
36214	17	1
41488	17	1
41489	17	1
115904	17	1
68831	17	1
68832	17	1
46522	17	1
97217	17	1
97218	17	1
46529	17	1
46531	17	1
46530	17	1
92008	17	1
94185	17	1
46092	17	1
35753	17	1
37335	17	1
46085	17	1
37058	20	1
90260	20	1
90261	20	1
38310	20	1
51931	20	1
51932	20	1
43764	20	1
43765	20	1
40201	20	1
43769	20	1
50416	20	1
105959	20	1
105960	20	1
50344	20	1
105967	20	1
105968	20	1
105969	20	1
36391	20	1
35699	20	1
36389	20	1
51936	20	1
51933	20	1
51934	20	1
38312	20	1
38307	20	1
115683	20	1
115682	20	1
38316	20	1
38331	20	1
112821	20	1
38182	20	1
36087	20	1
90266	20	1
67248	23	1
37103	23	1
38548	23	1
38547	23	1
114245	23	1
114246	23	1
117105	23	1
116089	23	1
38175	23	1
36300	23	1
39257	23	1
40364	23	1
37212	23	1
37211	23	1
36311	23	1
40272	23	1
40277	23	1
40278	23	1
36242	23	1
46249	23	1
46250	23	1
46248	23	1
38347	23	1
42376	23	1
116480	23	1
114089	23	1
114088	23	1
38537	23	1
38280	23	1
35669	23	1
38543	23	1
38542	23	1
48987	23	1
38984	23	1
38985	23	1
35670	23	1
35677	23	1
39235	23	1
92606	23	1
92607	23	1
83780	23	1
83782	23	1
39269	23	1
43745	23	1
43749	23	1
43748	23	1
66248	23	1
66249	23	1
43750	23	1
40208	23	1
40210	23	1
43762	23	1
96431	23	1
111470	23	1
46398	23	1
46399	23	1
37258	23	1
40402	23	1
112887	23	1
112885	23	1
37020	23	1
38673	23	1
38867	23	1
117206	23	1
117207	23	1
36949	23	1
36951	23	1
35722	25	1
100882	25	1
45046	26	1
45047	26	1
45089	26	1
45090	26	1
45087	26	1
67666	26	1
110786	28	1
110787	28	1
37326	28	1
38169	28	1
38171	28	1
38170	28	1
39382	28	1
39384	28	1
39386	28	1
103538	28	1
103539	28	1
43556	28	1
43555	28	1
39383	28	1
40430	28	1
40431	28	1
41818	28	1
75095	28	1
83797	28	1
83792	28	1
83793	28	1
36054	28	1
36358	28	1
36359	28	1
37234	28	1
36353	28	1
38871	28	1
38675	28	1
38866	28	1
37024	28	1
39013	28	1
39014	28	1
37712	28	1
36654	28	1
83816	28	1
117083	28	1
37793	28	1
66259	28	1
60149	28	1
66267	28	1
66266	28	1
60153	28	1
66265	28	1
66264	28	1
110740	28	1
110741	28	1
66271	28	1
66285	28	1
66284	28	1
68112	35	1
42446	35	1
38379	35	1
38040	35	1
38041	35	1
37658	35	1
37659	35	1
69455	35	1
69456	35	1
37372	35	1
37369	35	1
37588	35	1
48067	35	1
48068	35	1
35952	35	1
67308	35	1
67309	35	1
35706	35	1
95611	35	1
95612	35	1
50114	35	1
50115	35	1
111727	35	1
50116	36	1
75575	36	1
75576	36	1
39316	36	1
82634	36	1
82635	36	1
68104	36	1
68105	36	1
82642	36	1
82643	36	1
39297	36	1
45159	36	1
45160	36	1
36553	36	1
110866	36	1
110867	36	1
51985	36	1
51983	36	1
51984	36	1
51974	36	1
36554	36	1
37927	36	1
37281	36	1
37280	36	1
36323	36	1
35743	36	1
37284	36	1
37285	36	1
36320	36	1
37327	36	1
38169	36	1
38171	36	1
38170	36	1
39382	36	1
39384	36	1
40430	36	1
40431	36	1
41818	36	1
75095	36	1
83797	36	1
83792	36	1
83793	36	1
36054	36	1
36358	36	1
36359	36	1
37234	36	1
36353	36	1
38871	36	1
38675	36	1
38866	36	1
37024	36	1
39013	36	1
39014	36	1
37712	36	1
36654	36	1
83816	36	1
117083	36	1
39398	36	1
37196	36	1
37199	36	1
36294	37	1
36066	39	1
44726	39	3
46965	39	3
64704	39	1
64707	39	1
64706	39	1
46966	39	2
35930	39	2
44750	39	1
46964	39	1
81459	39	1
64709	39	1
64708	39	1
43343	39	1
69808	39	1
69809	39	1
36455	39	1
38469	39	1
38468	39	1
102253	39	1
39111	42	1
39112	42	1
35539	42	1
102629	42	1
76652	43	1
76651	43	1
64227	43	1
38847	43	1
63833	43	1
63834	43	1
63835	43	1
36597	43	1
106905	24	1
106913	24	1
106910	24	1
106912	24	1
106918	24	1
107800	24	1
107799	24	1
106922	24	1
106921	24	1
115098	24	1
115100	24	1
115099	24	1
106924	24	1
106925	24	1
107803	24	1
115092	24	1
106948	24	1
106949	24	1
106947	24	1
106942	24	1
50396	24	1
92176	26	1
92177	26	1
41425	26	1
49176	26	1
117227	26	1
117228	26	1
74769	26	1
74770	26	1
107614	26	1
107615	26	1
74785	26	1
41368	26	1
41369	26	1
45340	26	1
43363	26	1
115249	26	1
51020	26	1
115246	26	1
42479	26	1
49610	26	1
73896	26	1
73889	26	1
73890	26	1
82806	26	1
82807	26	1
82810	26	1
102522	26	1
92172	26	1
82811	26	1
82812	26	1
66811	26	1
49604	26	1
49665	26	1
49666	26	1
80259	26	1
49600	26	1
105616	26	1
98327	26	1
83619	27	1
83618	27	1
71418	27	1
27674	27	1
27672	27	1
27673	27	1
28489	27	1
28490	27	1
27670	27	1
108624	27	1
108625	27	1
21171	27	1
21180	27	1
28627	27	1
37390	29	1
42386	29	1
44996	29	1
40469	29	1
40465	29	1
40466	29	1
74223	29	1
74226	29	1
74227	29	1
37692	29	1
46526	29	1
46525	29	1
46523	29	1
46521	29	1
37694	29	1
37387	29	1
37698	29	1
41428	29	1
41429	29	1
37383	29	1
39373	29	1
39374	29	1
38771	29	1
68445	29	1
68446	29	1
38779	29	1
42709	29	1
42706	29	1
49627	29	1
49628	29	1
40367	29	1
103725	39	1
40531	39	1
94148	39	1
37469	39	1
37471	39	1
36976	39	1
74756	39	1
104881	39	1
49043	39	1
49047	39	1
49045	39	1
49041	39	1
46319	39	1
46321	39	1
46324	39	1
112524	39	1
112527	39	1
112528	39	1
36433	39	1
37580	39	1
111807	39	1
45197	39	1
98609	39	1
100836	39	1
100835	39	1
80320	39	1
82245	39	1
82243	39	1
82241	39	1
66795	39	1
50509	39	1
50510	39	1
37468	39	1
100833	39	1
100832	39	1
66798	39	1
111476	39	1
111475	39	1
43903	39	1
114142	39	1
43085	39	1
104864	39	1
104863	39	1
92164	39	1
92165	39	1
92167	39	1
114144	14	1
114145	14	1
117191	14	1
117192	14	1
35725	14	1
36373	14	1
51871	14	1
51874	14	1
64693	14	1
64694	14	1
115672	14	1
51877	14	1
51878	14	1
51875	14	1
51876	14	1
115675	14	1
115674	14	1
64697	14	1
79962	14	1
79963	14	1
51870	14	1
44491	14	1
44492	14	1
39364	14	1
36754	14	1
106866	14	1
106867	14	1
36036	15	1
47802	15	1
44466	15	1
39365	15	1
49076	15	1
49077	15	1
35596	15	1
49081	15	1
49230	15	1
49232	15	1
40292	15	1
112451	15	1
46640	17	1
46639	17	1
69046	17	1
69045	17	1
35649	17	1
48304	17	1
48305	17	1
38014	17	1
38004	17	1
38003	17	1
38007	17	1
38006	17	1
38567	17	1
38566	17	1
36007	17	1
97433	17	1
97429	17	1
97430	17	1
45270	17	1
74523	17	1
108834	17	1
38018	17	1
69019	17	1
69020	17	1
41499	17	1
41500	18	1
35651	18	1
35647	18	1
46644	18	1
46641	18	1
46642	18	1
35648	18	1
48063	18	1
45668	18	1
46575	18	1
74732	18	1
74733	18	1
36348	18	1
44087	18	1
35758	18	1
36331	18	1
36332	18	1
35759	18	1
36336	18	1
41492	18	1
41491	18	1
67312	18	1
67311	18	1
37921	18	1
50111	18	1
39317	18	1
39321	18	1
39322	18	1
82634	18	1
82635	18	1
68104	18	1
68105	18	1
82642	18	1
82643	18	1
39297	18	1
45152	18	1
110861	18	1
110862	18	1
45142	18	1
45139	18	1
40513	18	1
46742	18	1
48336	20	1
47544	20	1
37802	20	1
100865	20	1
105945	20	1
105946	20	1
105949	20	1
106796	20	1
105942	20	1
108007	20	1
108006	20	1
108003	20	1
105953	20	2
80385	20	2
35708	20	1
37287	20	1
114421	20	1
100861	20	1
35843	20	1
35844	20	1
35795	20	1
95622	20	1
95623	20	1
37265	20	1
67310	20	1
67311	20	1
37921	20	1
38078	36	1
38545	36	1
47070	36	1
43546	36	1
46099	36	1
46100	36	1
38228	36	1
37181	36	1
38227	36	1
38226	36	1
93063	36	1
114250	36	1
114251	36	1
36778	36	1
36781	36	1
36793	36	1
36791	36	1
112912	36	1
112913	36	1
39919	36	1
35829	36	1
43046	36	1
43049	36	1
37448	36	1
37445	36	1
37437	36	1
37438	36	1
37439	36	1
110813	26	1
37589	26	1
37373	26	1
37369	26	1
37588	26	1
48067	26	1
48068	26	1
37919	26	1
45539	26	1
45540	26	1
35953	26	1
37914	26	1
45541	26	1
103549	26	1
103548	26	1
37368	26	1
37775	26	1
41547	26	1
48065	26	1
48066	26	1
37586	26	1
38607	26	1
110815	26	1
46123	26	1
46533	26	1
46124	26	1
36338	26	1
36339	26	1
35741	26	1
35756	26	1
36330	26	1
74720	26	1
74721	26	1
35738	26	1
46616	26	1
69008	26	1
69009	26	1
41529	26	1
45683	26	1
46634	26	1
46635	26	1
69037	26	1
69039	26	1
69040	26	1
46639	26	1
69046	26	1
34600	41	1
34601	41	1
33858	41	1
34604	41	1
34603	41	1
34472	41	1
33033	41	1
34474	41	1
35259	41	1
35260	41	1
42704	41	1
34521	41	1
113293	41	1
113295	41	1
113292	41	1
35493	41	1
35413	41	1
35414	41	1
34221	41	1
83919	41	1
83918	41	1
83917	41	1
33854	41	1
33852	41	1
33457	41	1
34871	41	1
112312	41	1
34819	41	1
34817	41	1
32946	41	1
34628	41	1
44399	41	1
62318	41	1
35355	41	1
35349	41	1
35350	41	1
44398	41	1
48169	41	1
42882	41	1
34583	41	1
114254	21	1
45747	21	1
45748	21	1
45740	21	1
116475	21	1
92821	21	1
45739	21	1
64199	21	1
64200	21	1
55531	21	1
55530	21	1
108637	21	1
64205	21	1
43047	21	1
43049	21	1
37448	21	1
37445	21	1
37437	21	1
37438	21	1
39405	32	1
59845	32	1
59844	32	1
72654	32	1
95093	32	1
90702	32	1
95915	32	1
116136	32	1
116137	32	1
90225	32	1
94318	32	1
39463	32	1
36991	32	1
38879	32	1
83635	32	1
83636	32	1
83634	32	1
36670	32	1
38289	32	1
38290	32	1
36671	33	1
36672	33	1
36988	33	1
36987	33	1
43322	33	1
107758	33	1
104960	33	1
104961	33	1
83639	33	1
104972	33	1
104973	33	1
68400	33	1
115244	33	1
49149	33	1
41828	33	1
41810	33	1
41811	33	1
37403	33	1
37401	33	1
49946	33	1
49947	33	1
42477	33	1
68448	33	1
68449	33	1
110610	33	1
110611	33	1
68383	33	1
68384	33	1
36267	33	1
98328	33	1
82874	33	1
82875	33	1
98096	33	1
98101	33	1
98100	33	1
83681	33	1
83677	33	1
46132	33	1
117103	33	1
117104	33	1
105188	33	1
105189	33	1
52019	33	1
67930	33	1
104895	33	1
74206	33	1
74207	33	1
68008	33	1
68009	33	1
68010	33	1
104377	33	1
104380	33	1
104372	33	1
104373	33	1
115740	33	1
115739	33	1
115736	33	1
83692	33	1
115734	33	1
115733	33	1
84167	33	1
84165	33	1
84166	33	1
50776	40	1
50777	40	1
115414	40	1
115415	40	1
86866	40	1
86867	40	1
71335	40	1
71336	40	1
71333	40	1
71328	40	1
71325	40	1
71326	40	1
71329	40	1
86871	40	1
86875	40	1
86874	40	1
115413	40	1
115412	40	1
89718	41	1
89719	41	1
61673	41	1
61674	41	1
8048	41	1
8075	41	1
107509	41	1
107510	41	1
6797	41	1
8009	41	1
87083	41	1
70484	41	1
8043	41	1
8022	41	1
8000	41	1
96546	41	1
115871	41	1
113547	41	1
113549	41	1
113550	41	1
97841	41	1
96538	41	1
96259	41	1
96540	41	1
115954	41	1
115953	41	1
105425	41	1
105426	41	1
104186	41	1
95097	19	1
96070	19	1
96916	19	1
96917	19	1
96918	19	1
96919	19	1
41539	19	1
49633	19	1
49634	19	1
35642	19	1
35644	19	1
36399	19	1
36402	19	1
111785	19	1
39334	20	1
39327	20	1
39326	20	1
74696	20	1
74697	20	1
41834	20	1
41835	20	1
37759	20	1
106805	20	1
106806	20	1
106804	20	1
105952	20	1
114296	20	1
114297	20	1
43834	20	1
74705	20	1
48335	20	1
35637	20	1
45527	20	1
47530	20	1
103779	20	1
103780	20	1
35622	28	1
35624	28	1
35625	28	1
92622	28	1
49133	28	1
49134	28	1
49106	28	1
84726	28	1
84725	28	1
84722	28	1
49127	28	1
49126	28	1
36900	28	1
36904	28	1
104671	28	1
104670	29	1
83466	29	1
83469	29	1
37231	29	1
37232	29	1
39397	29	1
35682	29	1
35683	29	1
39396	29	1
35859	29	1
37224	29	1
46226	29	1
46228	29	1
46642	31	1
35648	31	1
48063	31	1
45668	31	1
46575	31	1
74732	31	1
74733	31	1
36346	31	1
35740	31	1
35742	31	1
36344	31	1
74517	31	1
74518	31	1
39210	31	1
90300	31	1
90301	31	1
39464	31	1
37001	31	1
39463	31	1
36991	31	1
38879	31	1
83635	31	1
83636	31	1
83634	31	1
36670	31	1
38289	31	1
38290	31	1
36671	31	1
36672	31	1
79004	33	1
78999	33	1
49793	33	1
108452	33	1
108453	33	1
32023	33	1
111276	33	1
110332	33	1
89884	33	1
105769	33	1
105770	33	1
105772	33	1
93869	33	1
93871	33	1
103582	34	2
116143	34	1
92473	34	1
36247	34	1
36264	34	1
36261	34	1
36262	34	1
37221	34	1
39395	34	1
35620	34	1
37223	34	1
92476	34	1
38079	34	1
38080	34	1
35773	34	1
38078	34	1
38545	34	2
47070	34	2
43546	34	2
46099	34	2
46100	34	2
44793	37	1
44794	37	1
61423	37	1
61424	37	1
34380	37	1
33743	37	1
33746	37	1
34381	37	1
81399	37	1
34105	37	1
33529	37	1
105113	37	1
105114	37	1
43872	37	1
111487	37	1
89916	37	1
32025	45	1
83611	45	1
105162	45	1
27585	45	1
27582	45	1
21143	45	1
20807	45	1
27593	45	1
27594	45	1
27518	45	1
30356	45	1
30357	45	1
30358	45	1
21046	45	1
21157	45	1
91889	45	1
91890	45	1
82049	45	1
82048	45	1
105660	45	1
105663	45	1
105664	45	1
29688	45	1
67145	45	1
27512	45	1
27509	45	1
27510	45	1
105131	45	1
21153	45	1
21052	45	1
98091	45	1
41448	20	1
41449	20	1
41450	20	1
41451	20	1
42709	20	1
42706	20	1
49627	20	1
49628	20	1
40367	20	1
40368	20	1
40369	20	1
35656	20	1
39468	20	1
74694	20	1
74411	20	1
92027	20	1
35539	21	1
102629	21	1
76652	21	1
76651	21	1
64227	21	1
38847	21	1
63833	21	1
63834	21	1
63835	21	1
36597	21	1
35989	21	1
73878	21	1
73879	21	1
60121	22	1
68429	22	1
68425	22	1
68427	22	1
110594	22	1
110596	22	1
110595	22	1
68424	22	1
68423	22	1
45662	22	1
45660	22	1
71873	22	1
72714	22	1
72705	23	1
35409	35	1
46683	35	1
46684	35	1
46688	35	1
77377	35	1
102222	35	1
102223	35	1
34272	35	1
46677	35	1
46680	35	1
46681	35	1
46682	35	1
45377	35	1
109558	35	1
40948	35	1
40944	35	1
40943	35	1
34274	35	1
104547	35	1
104548	35	1
40963	35	1
34398	35	1
34406	35	1
34400	35	1
33523	35	1
34018	35	1
34020	35	1
34022	35	1
34719	35	1
90012	35	1
90013	35	1
93377	15	1
91490	15	1
91489	15	1
91492	15	1
91493	15	1
93277	15	1
93276	15	1
63029	15	1
63028	15	1
6710	15	1
107552	15	1
106481	15	1
86321	15	1
86322	15	1
8032	15	1
8026	15	1
13052	15	1
13053	15	1
96492	15	1
98079	15	1
96486	16	1
116444	16	1
116442	16	1
95403	16	1
95404	16	1
13331	16	1
13329	16	1
13338	16	1
13339	16	1
81413	16	1
81414	16	1
13019	16	1
13020	16	1
13016	16	1
13313	16	1
13318	16	1
13319	16	1
13314	16	1
43335	23	1
37379	23	1
38733	23	1
43338	23	1
41574	23	1
35712	23	1
35714	23	1
67557	23	1
67560	23	1
67561	23	1
40384	23	1
40385	23	1
45022	23	1
46084	24	1
35749	24	1
37336	24	1
114086	33	1
114087	33	1
38346	33	1
50529	33	1
50530	34	1
36243	34	1
35689	34	1
35691	34	1
36237	34	1
40276	34	1
50355	34	1
50356	34	1
50353	34	1
50351	34	1
40331	34	1
40274	34	1
36308	34	1
37213	34	1
37212	34	1
37227	34	1
37228	34	1
103581	34	1
116139	34	1
38084	34	1
68085	28	1
36846	28	1
36701	28	1
35833	28	1
35834	28	1
37357	28	1
37356	28	1
68092	28	1
68093	28	1
35992	28	1
35990	28	1
43086	28	1
38040	28	1
38041	28	1
37658	28	1
37659	28	1
69455	28	1
69456	28	1
37372	28	1
37369	28	1
37588	28	1
48067	28	1
48068	28	1
35952	28	1
37368	28	1
35792	28	1
35796	28	1
76679	28	1
85135	28	1
85134	28	1
46128	28	1
35794	28	1
35976	28	1
35975	28	1
39456	28	1
39457	28	1
114424	28	1
114425	28	1
35711	28	1
36462	28	1
93754	28	1
116145	28	1
105956	28	1
105957	28	1
105954	28	1
37764	29	1
37249	29	1
37251	29	1
37769	29	1
37768	29	1
68802	29	1
101015	29	1
101016	29	1
68769	29	1
68770	29	1
37312	29	1
38116	29	1
38164	29	1
38165	29	1
38163	29	1
39519	29	1
37086	34	1
90153	34	1
38880	34	1
39229	34	1
114022	34	1
114023	34	1
37302	34	1
40281	34	1
48076	34	1
106848	34	1
106398	34	1
106851	34	1
97662	34	1
64221	34	1
64222	34	1
44690	34	1
39247	34	1
39248	34	1
36380	34	1
37298	34	1
36382	34	1
44688	34	1
44689	34	1
108222	34	1
110751	34	1
110752	34	1
44698	34	1
44699	34	1
82690	34	1
104682	34	1
104683	34	1
82677	34	1
82676	34	1
43003	34	1
36383	34	1
37301	34	1
36386	34	1
39233	34	1
106831	34	1
106832	34	1
112328	34	1
112333	34	1
112332	34	1
114249	29	1
36464	29	1
82337	29	1
111481	29	1
111478	29	1
111479	29	1
82340	29	1
38973	29	1
36288	29	1
35737	29	1
36290	29	1
37197	29	1
37194	29	1
37200	29	1
85931	30	1
110746	30	1
110747	30	1
38327	30	1
38326	30	1
37284	30	1
37285	30	1
36320	30	1
37327	30	1
37328	30	1
37324	30	1
40515	30	1
40516	30	1
90106	33	1
92281	33	1
92283	33	1
92285	33	1
92287	33	1
92288	34	1
92286	34	1
90101	34	1
97446	34	1
97447	34	1
97448	34	1
69017	34	1
36277	34	1
75022	34	1
75122	34	1
75123	34	1
75119	34	1
43836	34	1
39337	36	1
42779	36	1
43865	36	1
43866	36	1
36618	36	1
36619	36	1
36886	36	1
42781	36	1
42783	36	1
42785	36	1
40438	36	1
43875	36	1
43876	36	1
40254	36	1
42358	36	1
86493	36	1
98271	36	1
108662	36	1
108663	36	1
86497	36	1
86499	36	1
86496	36	1
98270	36	1
98269	36	1
86492	36	1
42356	36	1
46699	36	1
50430	36	1
50431	37	1
36417	37	1
35777	37	1
36420	37	1
40120	37	1
40121	37	1
33413	38	1
33595	38	1
33596	38	1
90006	38	1
90007	38	1
34562	38	1
97022	38	1
97021	38	1
97025	38	1
46470	38	1
46471	38	1
46477	38	1
47148	38	1
49580	38	1
49581	38	1
46480	38	1
32956	38	1
34647	38	1
61967	38	1
93091	38	1
93090	38	1
34648	38	1
34388	38	1
34353	38	1
48728	38	1
48729	38	1
47756	38	1
34555	38	1
33727	38	1
33722	38	1
35106	39	1
50766	42	1
34159	42	1
34160	42	1
33907	42	1
34161	42	1
43708	42	1
35490	42	1
44440	42	1
83154	42	1
83157	42	1
97855	42	1
97854	42	1
43706	42	1
43707	42	1
33875	42	1
34516	42	1
113293	42	1
113294	42	1
113296	42	1
113256	42	1
113257	42	1
32949	42	1
48477	42	1
83882	42	1
83884	42	1
83885	42	1
33451	42	1
43229	42	1
43231	42	1
43232	42	1
45208	17	1
98026	17	1
37409	17	1
37410	17	1
38902	17	1
39196	17	1
37656	17	1
39147	17	1
39148	17	1
38173	17	1
38174	17	1
39149	17	1
39150	17	1
43840	17	1
43841	18	1
104171	18	1
112449	18	1
106859	18	1
106860	18	1
40294	18	1
106852	18	1
106853	18	1
95134	18	1
95135	18	1
48478	19	1
96283	22	1
96284	22	1
43362	22	1
36022	22	1
67555	22	1
67556	22	1
37794	22	1
41494	22	1
66818	22	1
92029	22	1
82159	22	1
95102	22	1
41540	22	1
46131	22	1
68816	22	1
47869	22	1
41536	22	1
47529	22	1
47531	22	1
47532	22	1
47524	22	1
79984	22	1
39008	22	1
35638	22	1
44002	22	1
44001	22	1
74700	22	1
43833	22	1
36459	23	1
36460	23	1
37287	23	1
114421	23	1
100861	23	1
35843	23	1
92611	25	1
92617	25	1
92618	25	1
35622	25	1
40259	25	1
82744	25	1
82745	25	1
82748	25	1
39243	25	1
35677	25	1
39235	25	1
92606	25	1
110673	25	1
110674	25	1
43771	25	1
40198	25	1
43772	25	1
82734	25	1
82735	25	1
112258	25	1
112259	25	1
38111	25	1
38309	25	1
106870	25	1
106871	25	1
38307	25	1
115683	25	1
115682	25	1
38316	25	1
38331	25	1
116154	32	1
39161	32	1
35760	32	1
41504	32	1
76661	33	1
76662	33	1
35761	33	1
36340	33	1
68046	33	1
68047	33	1
35969	33	1
35968	33	1
68044	33	1
68045	33	1
36338	33	1
36339	33	1
94185	34	1
46092	34	1
35753	34	1
37335	34	1
46085	34	1
46086	34	1
41486	34	1
45009	34	1
68783	34	1
68776	34	1
68779	34	1
68780	34	1
68781	34	1
40378	34	1
40379	34	1
35713	34	1
37556	35	1
41570	35	1
41571	35	1
41548	35	1
41549	35	1
71880	35	1
71881	35	1
75039	35	1
75040	35	1
41578	35	1
43337	35	1
43338	35	1
41574	35	1
35712	35	1
35714	35	1
67557	35	1
67560	35	1
67561	35	1
40384	35	1
40385	35	1
45022	35	1
46084	35	1
35749	35	1
37336	35	1
46093	35	1
92003	35	1
92004	35	1
46511	35	1
108783	35	1
108784	35	1
41487	35	1
43089	35	1
43090	35	1
41440	35	1
41437	35	1
41438	35	1
41436	35	1
37484	35	1
37483	35	1
38063	35	1
38062	35	1
36215	35	1
114119	35	1
102492	35	1
102493	35	1
37492	35	1
43322	35	1
107758	35	1
104960	35	1
104961	35	1
83639	35	1
104972	35	1
104973	35	1
68400	35	1
115244	35	1
49149	35	1
41828	35	1
41810	35	1
41811	35	1
37403	35	1
37401	35	1
49946	35	1
49947	35	1
42477	35	1
68448	35	1
68449	35	1
41356	36	1
41357	36	1
36219	36	1
40427	36	1
108472	36	1
38876	36	1
68361	28	1
102482	28	1
102483	28	1
83944	28	1
83945	28	1
83947	28	1
83943	28	1
83935	28	1
92031	28	1
92032	28	1
36011	28	1
94184	28	1
48087	28	1
37695	28	1
37388	28	1
37389	28	1
37701	28	1
46526	28	1
46524	28	1
39190	28	1
37398	28	1
37396	28	1
68831	28	1
68832	28	1
46522	28	1
46523	28	1
46521	28	1
37694	28	1
37387	28	1
37698	28	1
41428	28	1
41429	28	1
37383	28	1
39373	28	1
39374	28	1
116120	28	1
38869	28	1
37705	28	1
37707	28	1
94850	36	1
94851	36	1
94853	36	1
94854	36	1
94855	36	1
94856	36	1
94857	36	1
94858	36	1
94859	36	1
94860	36	1
41812	36	1
38147	36	1
38148	36	1
37674	36	1
36616	36	1
36953	36	1
36738	36	1
36956	36	1
36740	36	1
36954	36	1
36713	36	1
46407	36	1
46408	36	1
39429	36	1
48079	36	1
48080	36	1
40528	36	1
36065	36	1
38338	36	1
36458	42	1
100859	42	1
37938	42	1
37939	42	1
108580	42	1
108579	42	1
72689	43	1
72688	43	1
74704	43	1
74707	43	1
48335	43	1
47543	43	1
47544	43	1
37802	43	1
37333	43	1
37332	43	1
36003	43	1
67620	43	1
67621	43	2
59854	43	2
59855	43	1
67619	43	1
47529	43	1
103779	43	1
45356	46	1
80935	47	1
